-0.0010140755912289023
1.8936028480529785
0.04274797439575195
-0.001013924484141171
-0.10639715194702148
0.04274797439575195
-0.0010140755912289023
1.8936028480529785
3.542747974395752
-0.001013924484141171
-0.10639715194702148
3.542747974395752
-0.001013924484141171
-0.10639715194702148
1.792747974395752
-0.0010140755912289023
1.8936028480529785
1.792747974395752
-0.0010139317018911242
-0.011159062385559082
0.04274797439575195
-0.0010139389196410775
0.08407902717590332
0.04274797439575195
-0.0010139461373910308
0.17931711673736572
0.04274797439575195
-0.001013953355140984
0.2745552062988281
0.04274797439575195
-0.0010139604564756155
0.3697932958602905
0.04274797439575195
-0.0010139676742255688
0.46503138542175293
0.04274797439575195
-0.001013974891975522
0.5602694749832153
0.04274797439575195
-0.0010139821097254753
0.6555075645446777
0.04274797439575195
-0.0010139892110601068
0.7507456541061401
0.04274797439575195
-0.00101399642881006
0.8459838032722473
0.04274797439575195
-0.0010140036465600133
0.9412218928337097
0.04274797439575195
-0.0010140108643099666
1.0364599227905273
0.04274797439575195
-0.001014017965644598
1.1316981315612793
0.04274797439575195
-0.0010140251833945513
1.2269361019134521
0.04274797439575195
-0.0010140324011445045
1.322174310684204
0.04274797439575195
-0.0010140396188944578
1.417412281036377
0.04274797439575195
-0.0010140467202290893
1.512650489807129
0.04274797439575195
-0.0010140539379790425
1.6078884601593018
0.04274797439575195
-0.0010140611557289958
1.7031266689300537
0.04274797439575195
-0.001014068373478949
1.7983647584915161
0.04274797439575195
-0.0010140755912289023
1.8936028480529785
1.8760813474655151
-0.0010140755912289023
1.8936028480529785
1.9594146013259888
-0.0010140755912289023
1.8936028480529785
2.042747974395752
-0.0010140755912289023
1.8936028480529785
2.1260812282562256
-0.0010140755912289023
1.8936028480529785
2.2094147205352783
-0.0010140755912289023
1.8936028480529785
2.292747974395752
-0.0010140755912289023
1.8936028480529785
2.3760812282562256
-0.0010140755912289023
1.8936028480529785
2.459414482116699
-0.0010140755912289023
1.8936028480529785
2.542747974395752
-0.0010140755912289023
1.8936028480529785
2.6260812282562256
-0.0010140755912289023
1.8936028480529785
2.709414482116699
-0.0010140755912289023
1.8936028480529785
2.792747974395752
-0.0010140755912289023
1.8936028480529785
2.8760812282562256
-0.0010140755912289023
1.8936028480529785
2.959414482116699
-0.0010140755912289023
1.8936028480529785
3.042747974395752
-0.0010140755912289023
1.8936028480529785
3.1260814666748047
-0.0010140755912289023
1.8936028480529785
3.2094147205352783
-0.0010140755912289023
1.8936028480529785
3.292747974395752
-0.0010140755912289023
1.8936028480529785
3.3760814666748047
-0.0010140755912289023
1.8936028480529785
3.4594147205352783
-0.001014068373478949
1.7983647584915161
3.542747974395752
-0.0010140611557289958
1.7031266689300537
3.542747974395752
-0.0010140539379790425
1.6078885793685913
3.542747974395752
-0.0010140467202290893
1.512650489807129
3.542747974395752
-0.0010140396188944578
1.4174124002456665
3.542747974395752
-0.0010140324011445045
1.322174310684204
3.542747974395752
-0.0010140251833945513
1.2269362211227417
3.542747974395752
-0.001014017965644598
1.1316981315612793
3.542747974395752
-0.0010140108643099666
1.036460041999817
3.542747974395752
-0.0010140036465600133
0.9412218928337097
3.542747974395752
-0.00101399642881006
0.8459838032722473
3.542747974395752
-0.0010139892110601068
0.7507457137107849
3.542747974395752
-0.0010139821097254753
0.6555076241493225
3.542747974395752
-0.001013974891975522
0.5602695345878601
3.542747974395752
-0.0010139676742255688
0.4650314450263977
3.542747974395752
-0.0010139604564756155
0.3697933554649353
3.542747974395752
-0.001013953355140984
0.2745552659034729
3.542747974395752
-0.0010139461373910308
0.1793171763420105
3.542747974395752
-0.0010139389196410775
0.0840790867805481
3.542747974395752
-0.0010139317018911242
-0.011159062385559082
3.542747974395752
-0.001013924484141171
-0.10639715194702148
1.7094146013259888
-0.001013924484141171
-0.10639715194702148
1.6260813474655151
-0.001013924484141171
-0.10639715194702148
1.542747974395752
-0.001013924484141171
-0.10639715194702148
1.4594146013259888
-0.001013924484141171
-0.10639715194702148
1.3760812282562256
-0.001013924484141171
-0.10639715194702148
1.292747974395752
-0.001013924484141171
-0.10639715194702148
1.2094147205352783
-0.001013924484141171
-0.10639715194702148
1.1260813474655151
-0.001013924484141171
-0.10639715194702148
1.042747974395752
-0.001013924484141171
-0.10639715194702148
0.9594147205352783
-0.001013924484141171
-0.10639715194702148
0.8760813474655151
-0.001013924484141171
-0.10639715194702148
0.7927480340003967
-0.001013924484141171
-0.10639715194702148
0.7094147205352783
-0.001013924484141171
-0.10639715194702148
0.6260813474655151
-0.001013924484141171
-0.10639715194702148
0.542747974395752
-0.001013924484141171
-0.10639715194702148
0.45941460132598877
-0.001013924484141171
-0.10639715194702148
0.3760812282562256
-0.001013924484141171
-0.10639715194702148
0.29274797439575195
-0.001013924484141171
-0.10639715194702148
0.20941460132598877
-0.001013924484141171
-0.10639715194702148
0.12608122825622559
-0.0010140755912289023
1.8936028480529785
0.12608134746551514
-0.0010140755912289023
1.8936028480529785
0.20941472053527832
-0.0010140755912289023
1.8936028480529785
0.2927480936050415
-0.0010140755912289023
1.8936028480529785
0.3760814666748047
-0.0010140755912289023
1.8936028480529785
0.45941483974456787
-0.0010140755912289023
1.8936028480529785
0.542748212814331
-0.0010140755912289023
1.8936028480529785
0.6260815858840942
-0.0010140755912289023
1.8936028480529785
0.7094149589538574
-0.0010140755912289023
1.8936028480529785
0.7927482724189758
-0.0010140755912289023
1.8936028480529785
0.8760815858840942
-0.0010140755912289023
1.8936028480529785
0.9594148993492126
-0.0010140755912289023
1.8936028480529785
1.042748212814331
-0.0010140755912289023
1.8936028480529785
1.1260814666748047
-0.0010140755912289023
1.8936028480529785
1.2094148397445679
-0.0010140755912289023
1.8936028480529785
1.292748212814331
-0.0010140755912289023
1.8936028480529785
1.3760814666748047
-0.0010140755912289023
1.8936028480529785
1.4594147205352783
-0.0010140755912289023
1.8936028480529785
1.5427480936050415
-0.0010140755912289023
1.8936028480529785
1.6260813474655151
-0.0010140755912289023
1.8936028480529785
1.7094147205352783
-0.001013924484141171
-0.10639715194702148
3.459414482116699
-0.001013924484141171
-0.10639715194702148
3.3760812282562256
-0.001013924484141171
-0.10639715194702148
3.292747974395752
-0.001013924484141171
-0.10639715194702148
3.209414482116699
-0.001013924484141171
-0.10639715194702148
3.1260809898376465
-0.001013924484141171
-0.10639715194702148
3.042747735977173
-0.001013924484141171
-0.10639715194702148
2.959414482116699
-0.001013924484141171
-0.10639715194702148
2.8760809898376465
-0.001013924484141171
-0.10639715194702148
2.792747735977173
-0.001013924484141171
-0.10639715194702148
2.709414482116699
-0.001013924484141171
-0.10639715194702148
2.6260809898376465
-0.001013924484141171
-0.10639715194702148
2.542747735977173
-0.001013924484141171
-0.10639715194702148
2.459414482116699
-0.001013924484141171
-0.10639715194702148
2.3760809898376465
-0.001013924484141171
-0.10639715194702148
2.292747735977173
-0.001013924484141171
-0.10639715194702148
2.209414482116699
-0.001013924484141171
-0.10639715194702148
2.1260812282562256
-0.001013924484141171
-0.10639715194702148
2.042747974395752
-0.001013924484141171
-0.10639715194702148
1.9594146013259888
-0.001013924484141171
-0.10639715194702148
1.8760812282562256
-0.001014068373478949
1.7983647584915161
1.792747974395752
-0.0010140611557289958
1.7031266689300537
1.792747974395752
-0.0010140539379790425
1.6078885793685913
1.792747974395752
-0.0010140467202290893
1.512650489807129
1.792747974395752
-0.0010140396188944578
1.4174124002456665
1.792747974395752
-0.0010140324011445045
1.322174310684204
1.792747974395752
-0.0010140251833945513
1.2269362211227417
1.792747974395752
-0.001014017965644598
1.1316981315612793
1.792747974395752
-0.0010140108643099666
1.036460041999817
1.792747974395752
-0.0010140036465600133
0.9412218928337097
1.792747974395752
-0.00101399642881006
0.8459838032722473
1.792747974395752
-0.0010139892110601068
0.7507457137107849
1.792747974395752
-0.0010139821097254753
0.6555076241493225
1.792747974395752
-0.001013974891975522
0.5602695345878601
1.792747974395752
-0.0010139676742255688
0.4650314450263977
1.792747974395752
-0.0010139604564756155
0.3697933554649353
1.792747974395752
-0.001013953355140984
0.2745552659034729
1.792747974395752
-0.0010139461373910308
0.1793171763420105
1.792747974395752
-0.0010139389196410775
0.0840790867805481
1.792747974395752
-0.0010139317018911242
-0.011159062385559082
1.792747974395752
-0.0010139317018911242
-0.011159062385559082
0.12608134746551514
-0.0010139317018911242
-0.011159062385559082
0.20941472053527832
-0.0010139317018911242
-0.011159062385559082
0.2927480936050415
-0.0010139317018911242
-0.011159062385559082
0.3760814666748047
-0.0010139317018911242
-0.011159062385559082
0.45941483974456787
-0.0010139317018911242
-0.011159062385559082
0.542748212814331
-0.0010139317018911242
-0.011159062385559082
0.6260815858840942
-0.0010139317018911242
-0.011159062385559082
0.7094149589538574
-0.0010139317018911242
-0.011159062385559082
0.7927482724189758
-0.0010139317018911242
-0.011159062385559082
0.8760815858840942
-0.0010139317018911242
-0.011159062385559082
0.9594148993492126
-0.0010139317018911242
-0.011159062385559082
1.042748212814331
-0.0010139317018911242
-0.011159062385559082
1.1260814666748047
-0.0010139317018911242
-0.011159062385559082
1.2094148397445679
-0.0010139317018911242
-0.011159062385559082
1.292748212814331
-0.0010139317018911242
-0.011159062385559082
1.3760814666748047
-0.0010139317018911242
-0.011159062385559082
1.4594147205352783
-0.0010139317018911242
-0.011159062385559082
1.5427480936050415
-0.0010139317018911242
-0.011159062385559082
1.6260813474655151
-0.0010139317018911242
-0.011159062385559082
1.7094147205352783
-0.0010139389196410775
0.08407902717590332
0.12608134746551514
-0.0010139389196410775
0.08407902717590332
0.20941472053527832
-0.0010139389196410775
0.08407902717590332
0.2927480936050415
-0.0010139389196410775
0.08407902717590332
0.3760814666748047
-0.0010139389196410775
0.08407902717590332
0.45941483974456787
-0.0010139389196410775
0.08407902717590332
0.542748212814331
-0.0010139389196410775
0.08407902717590332
0.6260815858840942
-0.0010139389196410775
0.08407902717590332
0.7094149589538574
-0.0010139389196410775
0.08407902717590332
0.7927482724189758
-0.0010139389196410775
0.08407902717590332
0.8760815858840942
-0.0010139389196410775
0.08407902717590332
0.9594148993492126
-0.0010139389196410775
0.08407902717590332
1.042748212814331
-0.0010139389196410775
0.08407902717590332
1.1260814666748047
-0.0010139389196410775
0.08407902717590332
1.2094148397445679
-0.0010139389196410775
0.08407902717590332
1.292748212814331
-0.0010139389196410775
0.08407902717590332
1.3760814666748047
-0.0010139389196410775
0.08407902717590332
1.4594147205352783
-0.0010139389196410775
0.08407902717590332
1.5427480936050415
-0.0010139389196410775
0.08407902717590332
1.6260813474655151
-0.0010139389196410775
0.08407902717590332
1.7094147205352783
-0.0010139461373910308
0.17931711673736572
0.12608134746551514
-0.0010139461373910308
0.17931711673736572
0.20941472053527832
-0.0010139461373910308
0.17931711673736572
0.2927480936050415
-0.0010139461373910308
0.17931711673736572
0.3760814666748047
-0.0010139461373910308
0.17931711673736572
0.45941483974456787
-0.0010139461373910308
0.17931711673736572
0.542748212814331
-0.0010139461373910308
0.17931711673736572
0.6260815858840942
-0.0010139461373910308
0.17931711673736572
0.7094149589538574
-0.0010139461373910308
0.17931711673736572
0.7927482724189758
-0.0010139461373910308
0.17931711673736572
0.8760815858840942
-0.0010139461373910308
0.17931711673736572
0.9594148993492126
-0.0010139461373910308
0.17931711673736572
1.042748212814331
-0.0010139461373910308
0.17931711673736572
1.1260814666748047
-0.0010139461373910308
0.17931711673736572
1.2094148397445679
-0.0010139461373910308
0.17931711673736572
1.292748212814331
-0.0010139461373910308
0.17931711673736572
1.3760814666748047
-0.0010139461373910308
0.17931711673736572
1.4594147205352783
-0.0010139461373910308
0.17931711673736572
1.5427480936050415
-0.0010139461373910308
0.17931711673736572
1.6260813474655151
-0.0010139461373910308
0.17931711673736572
1.7094147205352783
-0.001013953355140984
0.2745552062988281
0.12608134746551514
-0.001013953355140984
0.2745552062988281
0.20941472053527832
-0.001013953355140984
0.2745552062988281
0.2927480936050415
-0.001013953355140984
0.2745552062988281
0.3760814666748047
-0.001013953355140984
0.2745552062988281
0.45941483974456787
-0.001013953355140984
0.2745552062988281
0.542748212814331
-0.001013953355140984
0.2745552062988281
0.6260815858840942
-0.001013953355140984
0.2745552062988281
0.7094149589538574
-0.001013953355140984
0.2745552062988281
0.7927482724189758
-0.001013953355140984
0.2745552062988281
0.8760815858840942
-0.001013953355140984
0.2745552062988281
0.9594148993492126
-0.001013953355140984
0.2745552062988281
1.042748212814331
-0.001013953355140984
0.2745552062988281
1.1260814666748047
-0.001013953355140984
0.2745552062988281
1.2094148397445679
-0.001013953355140984
0.2745552062988281
1.292748212814331
-0.001013953355140984
0.2745552062988281
1.3760814666748047
-0.001013953355140984
0.2745552062988281
1.4594147205352783
-0.001013953355140984
0.2745552062988281
1.5427480936050415
-0.001013953355140984
0.2745552062988281
1.6260813474655151
-0.001013953355140984
0.2745552062988281
1.7094147205352783
-0.0010139604564756155
0.3697932958602905
0.12608134746551514
-0.0010139604564756155
0.3697932958602905
0.20941472053527832
-0.0010139604564756155
0.3697932958602905
0.2927480936050415
-0.0010139604564756155
0.3697932958602905
0.3760814666748047
-0.0010139604564756155
0.3697932958602905
0.45941483974456787
-0.0010139604564756155
0.3697932958602905
0.542748212814331
-0.0010139604564756155
0.3697932958602905
0.6260815858840942
-0.0010139604564756155
0.3697932958602905
0.7094149589538574
-0.0010139604564756155
0.3697932958602905
0.7927482724189758
-0.0010139604564756155
0.3697932958602905
0.8760815858840942
-0.0010139604564756155
0.3697932958602905
0.9594148993492126
-0.0010139604564756155
0.3697932958602905
1.042748212814331
-0.0010139604564756155
0.3697932958602905
1.1260814666748047
-0.0010139604564756155
0.3697932958602905
1.2094148397445679
-0.0010139604564756155
0.3697932958602905
1.292748212814331
-0.0010139604564756155
0.3697932958602905
1.3760814666748047
-0.0010139604564756155
0.3697932958602905
1.4594147205352783
-0.0010139604564756155
0.3697932958602905
1.5427480936050415
-0.0010139604564756155
0.3697932958602905
1.6260813474655151
-0.0010139604564756155
0.3697932958602905
1.7094147205352783
-0.0010139676742255688
0.46503138542175293
0.12608134746551514
-0.0010139676742255688
0.46503138542175293
0.20941472053527832
-0.0010139676742255688
0.46503138542175293
0.2927480936050415
-0.0010139676742255688
0.46503138542175293
0.3760814666748047
-0.0010139676742255688
0.46503138542175293
0.45941483974456787
-0.0010139676742255688
0.46503138542175293
0.542748212814331
-0.0010139676742255688
0.46503138542175293
0.6260815858840942
-0.0010139676742255688
0.46503138542175293
0.7094149589538574
-0.0010139676742255688
0.46503138542175293
0.7927482724189758
-0.0010139676742255688
0.46503138542175293
0.8760815858840942
-0.0010139676742255688
0.46503138542175293
0.9594148993492126
-0.0010139676742255688
0.46503138542175293
1.042748212814331
-0.0010139676742255688
0.46503138542175293
1.1260814666748047
-0.0010139676742255688
0.46503138542175293
1.2094148397445679
-0.0010139676742255688
0.46503138542175293
1.292748212814331
-0.0010139676742255688
0.46503138542175293
1.3760814666748047
-0.0010139676742255688
0.46503138542175293
1.4594147205352783
-0.0010139676742255688
0.46503138542175293
1.5427480936050415
-0.0010139676742255688
0.4650314152240753
1.6260813474655151
-0.0010139676742255688
0.4650314450263977
1.7094147205352783
-0.001013974891975522
0.5602694749832153
0.12608134746551514
-0.001013974891975522
0.5602694749832153
0.20941472053527832
-0.001013974891975522
0.5602694749832153
0.2927480936050415
-0.001013974891975522
0.5602694749832153
0.3760814666748047
-0.001013974891975522
0.5602694749832153
0.45941483974456787
-0.001013974891975522
0.5602694749832153
0.542748212814331
-0.001013974891975522
0.5602694749832153
0.6260815858840942
-0.001013974891975522
0.5602694749832153
0.7094149589538574
-0.001013974891975522
0.5602694749832153
0.7927482724189758
-0.001013974891975522
0.5602694749832153
0.8760815858840942
-0.001013974891975522
0.5602694749832153
0.9594148993492126
-0.001013974891975522
0.5602694749832153
1.042748212814331
-0.001013974891975522
0.5602694749832153
1.1260814666748047
-0.001013974891975522
0.5602694749832153
1.2094148397445679
-0.001013974891975522
0.5602694749832153
1.292748212814331
-0.001013974891975522
0.5602694749832153
1.3760814666748047
-0.001013974891975522
0.5602694749832153
1.4594147205352783
-0.001013974891975522
0.5602694749832153
1.5427480936050415
-0.001013974891975522
0.5602694749832153
1.6260813474655151
-0.001013974891975522
0.5602695345878601
1.7094147205352783
-0.0010139821097254753
0.6555075645446777
0.12608134746551514
-0.0010139821097254753
0.6555075645446777
0.20941472053527832
-0.0010139821097254753
0.6555075645446777
0.2927480936050415
-0.0010139821097254753
0.6555075645446777
0.3760814666748047
-0.0010139821097254753
0.6555075645446777
0.45941483974456787
-0.0010139821097254753
0.6555075645446777
0.542748212814331
-0.0010139821097254753
0.6555075645446777
0.6260815858840942
-0.0010139821097254753
0.6555075645446777
0.7094149589538574
-0.0010139821097254753
0.6555075645446777
0.7927482724189758
-0.0010139821097254753
0.6555075645446777
0.8760815858840942
-0.0010139821097254753
0.6555075645446777
0.9594148993492126
-0.0010139821097254753
0.6555075645446777
1.042748212814331
-0.0010139821097254753
0.6555075645446777
1.1260814666748047
-0.0010139821097254753
0.6555075645446777
1.2094148397445679
-0.0010139821097254753
0.6555075645446777
1.292748212814331
-0.0010139821097254753
0.6555075645446777
1.3760814666748047
-0.0010139821097254753
0.6555075645446777
1.4594147205352783
-0.0010139821097254753
0.6555075645446777
1.5427480936050415
-0.0010139821097254753
0.6555076241493225
1.6260813474655151
-0.0010139821097254753
0.6555076241493225
1.7094147205352783
-0.0010139892110601068
0.7507456541061401
0.12608134746551514
-0.0010139892110601068
0.7507456541061401
0.20941472053527832
-0.0010139892110601068
0.7507456541061401
0.2927480936050415
-0.0010139892110601068
0.7507456541061401
0.3760814666748047
-0.0010139892110601068
0.7507456541061401
0.45941483974456787
-0.0010139892110601068
0.7507456541061401
0.542748212814331
-0.0010139892110601068
0.7507456541061401
0.6260815858840942
-0.0010139892110601068
0.7507456541061401
0.7094149589538574
-0.0010139892110601068
0.7507456541061401
0.7927482724189758
-0.0010139892110601068
0.7507456541061401
0.8760815858840942
-0.0010139892110601068
0.7507456541061401
0.9594148993492126
-0.0010139892110601068
0.7507456541061401
1.042748212814331
-0.0010139892110601068
0.7507456541061401
1.1260814666748047
-0.0010139892110601068
0.7507456541061401
1.2094148397445679
-0.0010139892110601068
0.7507456541061401
1.292748212814331
-0.0010139892110601068
0.7507456541061401
1.3760814666748047
-0.0010139892110601068
0.7507456541061401
1.4594147205352783
-0.0010139892110601068
0.7507456541061401
1.5427480936050415
-0.0010139892110601068
0.7507457137107849
1.6260813474655151
-0.0010139892110601068
0.7507457137107849
1.7094147205352783
-0.00101399642881006
0.8459838032722473
0.12608134746551514
-0.00101399642881006
0.8459838032722473
0.20941472053527832
-0.00101399642881006
0.8459838032722473
0.2927480936050415
-0.00101399642881006
0.8459838032722473
0.3760814666748047
-0.00101399642881006
0.8459838032722473
0.45941483974456787
-0.00101399642881006
0.8459838032722473
0.542748212814331
-0.00101399642881006
0.8459838032722473
0.6260815858840942
-0.00101399642881006
0.8459838032722473
0.7094149589538574
-0.00101399642881006
0.8459838032722473
0.7927482724189758
-0.00101399642881006
0.8459838032722473
0.8760815858840942
-0.00101399642881006
0.8459838032722473
0.9594148993492126
-0.00101399642881006
0.8459838032722473
1.042748212814331
-0.00101399642881006
0.8459838032722473
1.1260814666748047
-0.00101399642881006
0.8459838032722473
1.2094148397445679
-0.00101399642881006
0.8459838032722473
1.292748212814331
-0.00101399642881006
0.8459838032722473
1.3760814666748047
-0.00101399642881006
0.8459838032722473
1.4594147205352783
-0.00101399642881006
0.8459838032722473
1.5427480936050415
-0.00101399642881006
0.8459838032722473
1.6260813474655151
-0.00101399642881006
0.8459838032722473
1.7094147205352783
-0.0010140036465600133
0.9412218928337097
0.12608134746551514
-0.0010140036465600133
0.9412218928337097
0.20941472053527832
-0.0010140036465600133
0.9412218928337097
0.2927480936050415
-0.0010140036465600133
0.9412218928337097
0.3760814666748047
-0.0010140036465600133
0.9412218928337097
0.45941483974456787
-0.0010140036465600133
0.9412218928337097
0.542748212814331
-0.0010140036465600133
0.9412218928337097
0.6260815858840942
-0.0010140036465600133
0.9412218928337097
0.7094149589538574
-0.0010140036465600133
0.9412218928337097
0.7927482724189758
-0.0010140036465600133
0.9412218928337097
0.8760815858840942
-0.0010140036465600133
0.9412218928337097
0.9594148993492126
-0.0010140036465600133
0.9412218928337097
1.042748212814331
-0.0010140036465600133
0.9412218928337097
1.1260814666748047
-0.0010140036465600133
0.9412218928337097
1.2094148397445679
-0.0010140036465600133
0.9412218928337097
1.292748212814331
-0.0010140036465600133
0.9412218928337097
1.3760814666748047
-0.0010140036465600133
0.9412218928337097
1.4594147205352783
-0.0010140036465600133
0.9412218928337097
1.5427480936050415
-0.0010140036465600133
0.9412218928337097
1.6260813474655151
-0.0010140036465600133
0.9412218928337097
1.7094147205352783
-0.0010140108643099666
1.0364599227905273
0.12608134746551514
-0.0010140108643099666
1.0364599227905273
0.20941472053527832
-0.0010140108643099666
1.0364599227905273
0.2927480936050415
-0.0010140108643099666
1.0364599227905273
0.3760814666748047
-0.0010140108643099666
1.0364599227905273
0.45941483974456787
-0.0010140108643099666
1.0364599227905273
0.542748212814331
-0.0010140108643099666
1.0364599227905273
0.6260815858840942
-0.0010140108643099666
1.0364599227905273
0.7094149589538574
-0.0010140108643099666
1.0364599227905273
0.7927482724189758
-0.0010140108643099666
1.0364599227905273
0.8760815858840942
-0.0010140108643099666
1.0364599227905273
0.9594148993492126
-0.0010140108643099666
1.0364599227905273
1.042748212814331
-0.0010140108643099666
1.0364599227905273
1.1260814666748047
-0.0010140108643099666
1.0364599227905273
1.2094148397445679
-0.0010140108643099666
1.0364599227905273
1.292748212814331
-0.0010140108643099666
1.0364599227905273
1.3760814666748047
-0.0010140108643099666
1.0364599227905273
1.4594147205352783
-0.0010140108643099666
1.0364599227905273
1.5427480936050415
-0.0010140108643099666
1.036460041999817
1.6260813474655151
-0.0010140108643099666
1.036460041999817
1.7094147205352783
-0.001014017965644598
1.1316981315612793
0.12608134746551514
-0.001014017965644598
1.1316981315612793
0.20941472053527832
-0.001014017965644598
1.1316981315612793
0.2927480936050415
-0.001014017965644598
1.1316981315612793
0.3760814666748047
-0.001014017965644598
1.1316981315612793
0.45941483974456787
-0.001014017965644598
1.1316981315612793
0.542748212814331
-0.001014017965644598
1.1316981315612793
0.6260815858840942
-0.001014017965644598
1.1316981315612793
0.7094149589538574
-0.001014017965644598
1.1316981315612793
0.7927482724189758
-0.001014017965644598
1.1316981315612793
0.8760815858840942
-0.001014017965644598
1.1316981315612793
0.9594148993492126
-0.001014017965644598
1.1316981315612793
1.042748212814331
-0.001014017965644598
1.1316981315612793
1.1260814666748047
-0.001014017965644598
1.1316981315612793
1.2094148397445679
-0.001014017965644598
1.1316981315612793
1.292748212814331
-0.001014017965644598
1.1316981315612793
1.3760814666748047
-0.001014017965644598
1.1316981315612793
1.4594147205352783
-0.001014017965644598
1.1316981315612793
1.5427480936050415
-0.001014017965644598
1.1316981315612793
1.6260813474655151
-0.001014017965644598
1.1316981315612793
1.7094147205352783
-0.0010140251833945513
1.2269361019134521
0.12608134746551514
-0.0010140251833945513
1.2269361019134521
0.20941472053527832
-0.0010140251833945513
1.2269361019134521
0.2927480936050415
-0.0010140251833945513
1.2269361019134521
0.3760814666748047
-0.0010140251833945513
1.2269361019134521
0.45941483974456787
-0.0010140251833945513
1.2269361019134521
0.542748212814331
-0.0010140251833945513
1.2269361019134521
0.6260815858840942
-0.0010140251833945513
1.2269361019134521
0.7094149589538574
-0.0010140251833945513
1.2269361019134521
0.7927482724189758
-0.0010140251833945513
1.2269361019134521
0.8760815858840942
-0.0010140251833945513
1.2269361019134521
0.9594148993492126
-0.0010140251833945513
1.2269361019134521
1.042748212814331
-0.0010140251833945513
1.2269361019134521
1.1260814666748047
-0.0010140251833945513
1.2269361019134521
1.2094148397445679
-0.0010140251833945513
1.2269361019134521
1.292748212814331
-0.0010140251833945513
1.2269361019134521
1.3760814666748047
-0.0010140251833945513
1.2269361019134521
1.4594147205352783
-0.0010140251833945513
1.2269361019134521
1.5427480936050415
-0.0010140251833945513
1.2269362211227417
1.6260813474655151
-0.0010140251833945513
1.2269362211227417
1.7094147205352783
-0.0010140324011445045
1.322174310684204
0.12608134746551514
-0.0010140324011445045
1.322174310684204
0.20941472053527832
-0.0010140324011445045
1.322174310684204
0.2927480936050415
-0.0010140324011445045
1.322174310684204
0.3760814666748047
-0.0010140324011445045
1.322174310684204
0.45941483974456787
-0.0010140324011445045
1.322174310684204
0.542748212814331
-0.0010140324011445045
1.322174310684204
0.6260815858840942
-0.0010140324011445045
1.322174310684204
0.7094149589538574
-0.0010140324011445045
1.322174310684204
0.7927482724189758
-0.0010140324011445045
1.322174310684204
0.8760815858840942
-0.0010140324011445045
1.322174310684204
0.9594148993492126
-0.0010140324011445045
1.322174310684204
1.042748212814331
-0.0010140324011445045
1.322174310684204
1.1260814666748047
-0.0010140324011445045
1.322174310684204
1.2094148397445679
-0.0010140324011445045
1.322174310684204
1.292748212814331
-0.0010140324011445045
1.322174310684204
1.3760814666748047
-0.0010140324011445045
1.322174310684204
1.4594147205352783
-0.0010140324011445045
1.322174310684204
1.5427480936050415
-0.0010140324011445045
1.322174310684204
1.6260813474655151
-0.0010140324011445045
1.322174310684204
1.7094147205352783
-0.0010140396188944578
1.417412281036377
0.12608134746551514
-0.0010140396188944578
1.417412281036377
0.20941472053527832
-0.0010140396188944578
1.417412281036377
0.2927480936050415
-0.0010140396188944578
1.417412281036377
0.3760814666748047
-0.0010140396188944578
1.417412281036377
0.45941483974456787
-0.0010140396188944578
1.417412281036377
0.542748212814331
-0.0010140396188944578
1.417412281036377
0.6260815858840942
-0.0010140396188944578
1.417412281036377
0.7094149589538574
-0.0010140396188944578
1.417412281036377
0.7927482724189758
-0.0010140396188944578
1.417412281036377
0.8760815858840942
-0.0010140396188944578
1.417412281036377
0.9594148993492126
-0.0010140396188944578
1.417412281036377
1.042748212814331
-0.0010140396188944578
1.417412281036377
1.1260814666748047
-0.0010140396188944578
1.417412281036377
1.2094148397445679
-0.0010140396188944578
1.417412281036377
1.292748212814331
-0.0010140396188944578
1.417412281036377
1.3760814666748047
-0.0010140396188944578
1.417412281036377
1.4594147205352783
-0.0010140396188944578
1.417412281036377
1.5427480936050415
-0.0010140396188944578
1.417412281036377
1.6260813474655151
-0.0010140396188944578
1.4174124002456665
1.7094147205352783
-0.0010140467202290893
1.512650489807129
0.12608134746551514
-0.0010140467202290893
1.512650489807129
0.20941472053527832
-0.0010140467202290893
1.512650489807129
0.2927480936050415
-0.0010140467202290893
1.512650489807129
0.3760814666748047
-0.0010140467202290893
1.512650489807129
0.45941483974456787
-0.0010140467202290893
1.512650489807129
0.542748212814331
-0.0010140467202290893
1.512650489807129
0.6260815858840942
-0.0010140467202290893
1.512650489807129
0.7094149589538574
-0.0010140467202290893
1.512650489807129
0.7927482724189758
-0.0010140467202290893
1.512650489807129
0.8760815858840942
-0.0010140467202290893
1.512650489807129
0.9594148993492126
-0.0010140467202290893
1.512650489807129
1.042748212814331
-0.0010140467202290893
1.512650489807129
1.1260814666748047
-0.0010140467202290893
1.512650489807129
1.2094148397445679
-0.0010140467202290893
1.512650489807129
1.292748212814331
-0.0010140467202290893
1.512650489807129
1.3760814666748047
-0.0010140467202290893
1.512650489807129
1.4594147205352783
-0.0010140467202290893
1.512650489807129
1.5427480936050415
-0.0010140467202290893
1.512650489807129
1.6260813474655151
-0.0010140467202290893
1.512650489807129
1.7094147205352783
-0.0010140539379790425
1.6078884601593018
0.12608134746551514
-0.0010140539379790425
1.6078884601593018
0.20941472053527832
-0.0010140539379790425
1.6078884601593018
0.2927480936050415
-0.0010140539379790425
1.6078884601593018
0.3760814666748047
-0.0010140539379790425
1.6078884601593018
0.45941483974456787
-0.0010140539379790425
1.6078884601593018
0.542748212814331
-0.0010140539379790425
1.6078884601593018
0.6260815858840942
-0.0010140539379790425
1.6078884601593018
0.7094149589538574
-0.0010140539379790425
1.6078884601593018
0.7927482724189758
-0.0010140539379790425
1.6078884601593018
0.8760815858840942
-0.0010140539379790425
1.6078884601593018
0.9594148993492126
-0.0010140539379790425
1.6078884601593018
1.042748212814331
-0.0010140539379790425
1.6078884601593018
1.1260814666748047
-0.0010140539379790425
1.6078884601593018
1.2094148397445679
-0.0010140539379790425
1.6078884601593018
1.292748212814331
-0.0010140539379790425
1.6078884601593018
1.3760814666748047
-0.0010140539379790425
1.6078884601593018
1.4594147205352783
-0.0010140539379790425
1.6078884601593018
1.5427480936050415
-0.0010140539379790425
1.6078884601593018
1.6260813474655151
-0.0010140539379790425
1.6078885793685913
1.7094147205352783
-0.0010140611557289958
1.7031266689300537
0.12608134746551514
-0.0010140611557289958
1.7031266689300537
0.20941472053527832
-0.0010140611557289958
1.7031266689300537
0.2927480936050415
-0.0010140611557289958
1.7031266689300537
0.3760814666748047
-0.0010140611557289958
1.7031266689300537
0.45941483974456787
-0.0010140611557289958
1.7031266689300537
0.542748212814331
-0.0010140611557289958
1.7031266689300537
0.6260815858840942
-0.0010140611557289958
1.7031266689300537
0.7094149589538574
-0.0010140611557289958
1.7031266689300537
0.7927482724189758
-0.0010140611557289958
1.7031266689300537
0.8760815858840942
-0.0010140611557289958
1.7031266689300537
0.9594148993492126
-0.0010140611557289958
1.7031266689300537
1.042748212814331
-0.0010140611557289958
1.7031266689300537
1.1260814666748047
-0.0010140611557289958
1.7031266689300537
1.2094148397445679
-0.0010140611557289958
1.7031266689300537
1.292748212814331
-0.0010140611557289958
1.7031266689300537
1.3760814666748047
-0.0010140611557289958
1.7031266689300537
1.4594147205352783
-0.0010140611557289958
1.7031266689300537
1.5427480936050415
-0.0010140611557289958
1.7031266689300537
1.6260813474655151
-0.0010140611557289958
1.7031266689300537
1.7094147205352783
-0.001014068373478949
1.7983647584915161
0.12608134746551514
-0.001014068373478949
1.7983647584915161
0.20941472053527832
-0.001014068373478949
1.7983647584915161
0.2927480936050415
-0.001014068373478949
1.7983647584915161
0.3760814666748047
-0.001014068373478949
1.7983647584915161
0.45941483974456787
-0.001014068373478949
1.7983647584915161
0.542748212814331
-0.001014068373478949
1.7983647584915161
0.6260815858840942
-0.001014068373478949
1.7983647584915161
0.7094149589538574
-0.001014068373478949
1.7983647584915161
0.7927482724189758
-0.001014068373478949
1.7983647584915161
0.8760815858840942
-0.001014068373478949
1.7983647584915161
0.9594148993492126
-0.001014068373478949
1.7983647584915161
1.042748212814331
-0.001014068373478949
1.7983647584915161
1.1260814666748047
-0.001014068373478949
1.7983647584915161
1.2094148397445679
-0.001014068373478949
1.7983647584915161
1.292748212814331
-0.001014068373478949
1.7983647584915161
1.3760814666748047
-0.001014068373478949
1.7983647584915161
1.4594147205352783
-0.001014068373478949
1.7983647584915161
1.5427480936050415
-0.001014068373478949
1.7983647584915161
1.6260813474655151
-0.001014068373478949
1.7983647584915161
1.7094147205352783
-0.0010139317018911242
-0.011159062385559082
1.8760813474655151
-0.0010139317018911242
-0.011159062385559082
1.9594146013259888
-0.0010139317018911242
-0.011159062385559082
2.042747974395752
-0.0010139317018911242
-0.011159062385559082
2.1260812282562256
-0.0010139317018911242
-0.011159062385559082
2.2094147205352783
-0.0010139317018911242
-0.011159062385559082
2.292747974395752
-0.0010139317018911242
-0.011159062385559082
2.3760812282562256
-0.0010139317018911242
-0.011159062385559082
2.459414482116699
-0.0010139317018911242
-0.011159062385559082
2.542747974395752
-0.0010139317018911242
-0.011159062385559082
2.6260812282562256
-0.0010139317018911242
-0.011159062385559082
2.709414482116699
-0.0010139317018911242
-0.011159062385559082
2.792747974395752
-0.0010139317018911242
-0.011159062385559082
2.8760812282562256
-0.0010139317018911242
-0.011159062385559082
2.959414482116699
-0.0010139317018911242
-0.011159062385559082
3.042747974395752
-0.0010139317018911242
-0.011159062385559082
3.1260814666748047
-0.0010139317018911242
-0.011159062385559082
3.2094147205352783
-0.0010139317018911242
-0.011159062385559082
3.292747974395752
-0.0010139317018911242
-0.011159062385559082
3.3760814666748047
-0.0010139317018911242
-0.011159062385559082
3.4594147205352783
-0.0010139389196410775
0.0840790867805481
1.8760813474655151
-0.0010139389196410775
0.0840790867805481
1.9594146013259888
-0.0010139389196410775
0.0840790867805481
2.042747974395752
-0.0010139389196410775
0.0840790867805481
2.1260812282562256
-0.0010139389196410775
0.0840790867805481
2.2094147205352783
-0.0010139389196410775
0.0840790867805481
2.292747974395752
-0.0010139389196410775
0.0840790867805481
2.3760812282562256
-0.0010139389196410775
0.0840790867805481
2.459414482116699
-0.0010139389196410775
0.0840790867805481
2.542747974395752
-0.0010139389196410775
0.0840790867805481
2.6260812282562256
-0.0010139389196410775
0.0840790867805481
2.709414482116699
-0.0010139389196410775
0.0840790867805481
2.792747974395752
-0.0010139389196410775
0.0840790867805481
2.8760812282562256
-0.0010139389196410775
0.0840790867805481
2.959414482116699
-0.0010139389196410775
0.0840790867805481
3.042747974395752
-0.0010139389196410775
0.0840790867805481
3.1260814666748047
-0.0010139389196410775
0.0840790867805481
3.2094147205352783
-0.0010139389196410775
0.0840790867805481
3.292747974395752
-0.0010139389196410775
0.0840790867805481
3.3760814666748047
-0.0010139389196410775
0.0840790867805481
3.4594147205352783
-0.0010139461373910308
0.1793171763420105
1.8760813474655151
-0.0010139461373910308
0.1793171763420105
1.9594146013259888
-0.0010139461373910308
0.1793171763420105
2.042747974395752
-0.0010139461373910308
0.1793171763420105
2.1260812282562256
-0.0010139461373910308
0.1793171763420105
2.2094147205352783
-0.0010139461373910308
0.1793171763420105
2.292747974395752
-0.0010139461373910308
0.1793171763420105
2.3760812282562256
-0.0010139461373910308
0.1793171763420105
2.459414482116699
-0.0010139461373910308
0.1793171763420105
2.542747974395752
-0.0010139461373910308
0.1793171763420105
2.6260812282562256
-0.0010139461373910308
0.1793171763420105
2.709414482116699
-0.0010139461373910308
0.1793171763420105
2.792747974395752
-0.0010139461373910308
0.1793171763420105
2.8760812282562256
-0.0010139461373910308
0.1793171763420105
2.959414482116699
-0.0010139461373910308
0.1793171763420105
3.042747974395752
-0.0010139461373910308
0.1793171763420105
3.1260814666748047
-0.0010139461373910308
0.1793171763420105
3.2094147205352783
-0.0010139461373910308
0.1793171763420105
3.292747974395752
-0.0010139461373910308
0.1793171763420105
3.3760814666748047
-0.0010139461373910308
0.1793171763420105
3.4594147205352783
-0.001013953355140984
0.2745552659034729
1.8760813474655151
-0.001013953355140984
0.2745552659034729
1.9594146013259888
-0.001013953355140984
0.2745552659034729
2.042747974395752
-0.001013953355140984
0.2745552659034729
2.1260812282562256
-0.001013953355140984
0.2745552659034729
2.2094147205352783
-0.001013953355140984
0.2745552659034729
2.292747974395752
-0.001013953355140984
0.2745552659034729
2.3760812282562256
-0.001013953355140984
0.2745552659034729
2.459414482116699
-0.001013953355140984
0.2745552659034729
2.542747974395752
-0.001013953355140984
0.2745552659034729
2.6260812282562256
-0.001013953355140984
0.2745552659034729
2.709414482116699
-0.001013953355140984
0.2745552659034729
2.792747974395752
-0.001013953355140984
0.2745552659034729
2.8760812282562256
-0.001013953355140984
0.2745552659034729
2.959414482116699
-0.001013953355140984
0.2745552659034729
3.042747974395752
-0.001013953355140984
0.2745552659034729
3.1260814666748047
-0.001013953355140984
0.2745552659034729
3.2094147205352783
-0.001013953355140984
0.2745552659034729
3.292747974395752
-0.001013953355140984
0.2745552659034729
3.3760814666748047
-0.001013953355140984
0.2745552659034729
3.4594147205352783
-0.0010139604564756155
0.3697933554649353
1.8760813474655151
-0.0010139604564756155
0.3697933554649353
1.9594146013259888
-0.0010139604564756155
0.3697933554649353
2.042747974395752
-0.0010139604564756155
0.3697933554649353
2.1260812282562256
-0.0010139604564756155
0.3697933554649353
2.2094147205352783
-0.0010139604564756155
0.3697933554649353
2.292747974395752
-0.0010139604564756155
0.3697933554649353
2.3760812282562256
-0.0010139604564756155
0.3697933554649353
2.459414482116699
-0.0010139604564756155
0.3697933554649353
2.542747974395752
-0.0010139604564756155
0.3697933554649353
2.6260812282562256
-0.0010139604564756155
0.3697933554649353
2.709414482116699
-0.0010139604564756155
0.3697933554649353
2.792747974395752
-0.0010139604564756155
0.3697933554649353
2.8760812282562256
-0.0010139604564756155
0.3697933554649353
2.959414482116699
-0.0010139604564756155
0.3697933554649353
3.042747974395752
-0.0010139604564756155
0.3697933554649353
3.1260814666748047
-0.0010139604564756155
0.3697933554649353
3.2094147205352783
-0.0010139604564756155
0.3697933554649353
3.292747974395752
-0.0010139604564756155
0.3697933554649353
3.3760814666748047
-0.0010139604564756155
0.3697933554649353
3.4594147205352783
-0.0010139676742255688
0.4650314450263977
1.8760813474655151
-0.0010139676742255688
0.4650314450263977
1.9594146013259888
-0.0010139676742255688
0.4650314450263977
2.042747974395752
-0.0010139676742255688
0.4650314450263977
2.1260812282562256
-0.0010139676742255688
0.4650314450263977
2.2094147205352783
-0.0010139676742255688
0.4650314450263977
2.292747974395752
-0.0010139676742255688
0.4650314450263977
2.3760812282562256
-0.0010139676742255688
0.4650314450263977
2.459414482116699
-0.0010139676742255688
0.4650314450263977
2.542747974395752
-0.0010139676742255688
0.4650314450263977
2.6260812282562256
-0.0010139676742255688
0.4650314450263977
2.709414482116699
-0.0010139676742255688
0.4650314450263977
2.792747974395752
-0.0010139676742255688
0.4650314450263977
2.8760812282562256
-0.0010139676742255688
0.4650314450263977
2.959414482116699
-0.0010139676742255688
0.4650314450263977
3.042747974395752
-0.0010139676742255688
0.4650314450263977
3.1260814666748047
-0.0010139676742255688
0.4650314450263977
3.2094147205352783
-0.0010139676742255688
0.4650314450263977
3.292747974395752
-0.0010139676742255688
0.4650314450263977
3.3760814666748047
-0.0010139676742255688
0.4650314450263977
3.4594147205352783
-0.001013974891975522
0.5602695345878601
1.8760813474655151
-0.001013974891975522
0.5602695345878601
1.9594146013259888
-0.001013974891975522
0.5602695345878601
2.042747974395752
-0.001013974891975522
0.5602695345878601
2.1260812282562256
-0.001013974891975522
0.5602695345878601
2.2094147205352783
-0.001013974891975522
0.5602695345878601
2.292747974395752
-0.001013974891975522
0.5602695345878601
2.3760812282562256
-0.001013974891975522
0.5602695345878601
2.459414482116699
-0.001013974891975522
0.5602695345878601
2.542747974395752
-0.001013974891975522
0.5602695345878601
2.6260812282562256
-0.001013974891975522
0.5602695345878601
2.709414482116699
-0.001013974891975522
0.5602695345878601
2.792747974395752
-0.001013974891975522
0.5602695345878601
2.8760812282562256
-0.001013974891975522
0.5602695345878601
2.959414482116699
-0.001013974891975522
0.5602695345878601
3.042747974395752
-0.001013974891975522
0.5602695345878601
3.1260814666748047
-0.001013974891975522
0.5602695345878601
3.2094147205352783
-0.001013974891975522
0.5602695345878601
3.292747974395752
-0.001013974891975522
0.5602695345878601
3.3760814666748047
-0.001013974891975522
0.5602695345878601
3.4594147205352783
-0.0010139821097254753
0.6555076241493225
1.8760813474655151
-0.0010139821097254753
0.6555076241493225
1.9594146013259888
-0.0010139821097254753
0.6555076241493225
2.042747974395752
-0.0010139821097254753
0.6555076241493225
2.1260812282562256
-0.0010139821097254753
0.6555076241493225
2.2094147205352783
-0.0010139821097254753
0.6555076241493225
2.292747974395752
-0.0010139821097254753
0.6555076241493225
2.3760812282562256
-0.0010139821097254753
0.6555076241493225
2.459414482116699
-0.0010139821097254753
0.6555076241493225
2.542747974395752
-0.0010139821097254753
0.6555076241493225
2.6260812282562256
-0.0010139821097254753
0.6555076241493225
2.709414482116699
-0.0010139821097254753
0.6555076241493225
2.792747974395752
-0.0010139821097254753
0.6555076241493225
2.8760812282562256
-0.0010139821097254753
0.6555076241493225
2.959414482116699
-0.0010139821097254753
0.6555076241493225
3.042747974395752
-0.0010139821097254753
0.6555076241493225
3.1260814666748047
-0.0010139821097254753
0.6555076241493225
3.2094147205352783
-0.0010139821097254753
0.6555076241493225
3.292747974395752
-0.0010139821097254753
0.6555076241493225
3.3760814666748047
-0.0010139821097254753
0.6555076241493225
3.4594147205352783
-0.0010139892110601068
0.7507457137107849
1.8760813474655151
-0.0010139892110601068
0.7507457137107849
1.9594146013259888
-0.0010139892110601068
0.7507457137107849
2.042747974395752
-0.0010139892110601068
0.7507457137107849
2.1260812282562256
-0.0010139892110601068
0.7507457137107849
2.2094147205352783
-0.0010139892110601068
0.7507457137107849
2.292747974395752
-0.0010139892110601068
0.7507457137107849
2.3760812282562256
-0.0010139892110601068
0.7507457137107849
2.459414482116699
-0.0010139892110601068
0.7507457137107849
2.542747974395752
-0.0010139892110601068
0.7507457137107849
2.6260812282562256
-0.0010139892110601068
0.7507457137107849
2.709414482116699
-0.0010139892110601068
0.7507457137107849
2.792747974395752
-0.0010139892110601068
0.7507457137107849
2.8760812282562256
-0.0010139892110601068
0.7507457137107849
2.959414482116699
-0.0010139892110601068
0.7507457137107849
3.042747974395752
-0.0010139892110601068
0.7507457137107849
3.1260814666748047
-0.0010139892110601068
0.7507457137107849
3.2094147205352783
-0.0010139892110601068
0.7507457137107849
3.292747974395752
-0.0010139892110601068
0.7507457137107849
3.3760814666748047
-0.0010139892110601068
0.7507457137107849
3.4594147205352783
-0.00101399642881006
0.8459838032722473
1.8760813474655151
-0.00101399642881006
0.8459838032722473
1.9594146013259888
-0.00101399642881006
0.8459838032722473
2.042747974395752
-0.00101399642881006
0.8459838032722473
2.1260812282562256
-0.00101399642881006
0.8459838032722473
2.2094147205352783
-0.00101399642881006
0.8459838032722473
2.292747974395752
-0.00101399642881006
0.8459838032722473
2.3760812282562256
-0.00101399642881006
0.8459838032722473
2.459414482116699
-0.00101399642881006
0.8459838032722473
2.542747974395752
-0.00101399642881006
0.8459838032722473
2.6260812282562256
-0.00101399642881006
0.8459838032722473
2.709414482116699
-0.00101399642881006
0.8459838032722473
2.792747974395752
-0.00101399642881006
0.8459838032722473
2.8760812282562256
-0.00101399642881006
0.8459838032722473
2.959414482116699
-0.00101399642881006
0.8459838032722473
3.042747974395752
-0.00101399642881006
0.8459838032722473
3.1260814666748047
-0.00101399642881006
0.8459838032722473
3.2094147205352783
-0.00101399642881006
0.8459838032722473
3.292747974395752
-0.00101399642881006
0.8459838032722473
3.3760814666748047
-0.00101399642881006
0.8459838032722473
3.4594147205352783
-0.0010140036465600133
0.9412218928337097
1.8760813474655151
-0.0010140036465600133
0.9412218928337097
1.9594146013259888
-0.0010140036465600133
0.9412218928337097
2.042747974395752
-0.0010140036465600133
0.9412218928337097
2.1260812282562256
-0.0010140036465600133
0.9412218928337097
2.2094147205352783
-0.0010140036465600133
0.9412218928337097
2.292747974395752
-0.0010140036465600133
0.9412218928337097
2.3760812282562256
-0.0010140036465600133
0.9412218928337097
2.459414482116699
-0.0010140036465600133
0.9412218928337097
2.542747974395752
-0.0010140036465600133
0.9412218928337097
2.6260812282562256
-0.0010140036465600133
0.9412218928337097
2.709414482116699
-0.0010140036465600133
0.9412218928337097
2.792747974395752
-0.0010140036465600133
0.9412218928337097
2.8760812282562256
-0.0010140036465600133
0.9412218928337097
2.959414482116699
-0.0010140036465600133
0.9412218928337097
3.042747974395752
-0.0010140036465600133
0.9412218928337097
3.1260814666748047
-0.0010140036465600133
0.9412218928337097
3.2094147205352783
-0.0010140036465600133
0.9412218928337097
3.292747974395752
-0.0010140036465600133
0.9412218928337097
3.3760814666748047
-0.0010140036465600133
0.9412218928337097
3.4594147205352783
-0.0010140108643099666
1.036460041999817
1.8760813474655151
-0.0010140108643099666
1.036460041999817
1.9594146013259888
-0.0010140108643099666
1.036460041999817
2.042747974395752
-0.0010140108643099666
1.036460041999817
2.1260812282562256
-0.0010140108643099666
1.036460041999817
2.2094147205352783
-0.0010140108643099666
1.036460041999817
2.292747974395752
-0.0010140108643099666
1.036460041999817
2.3760812282562256
-0.0010140108643099666
1.036460041999817
2.459414482116699
-0.0010140108643099666
1.036460041999817
2.542747974395752
-0.0010140108643099666
1.036460041999817
2.6260812282562256
-0.0010140108643099666
1.036460041999817
2.709414482116699
-0.0010140108643099666
1.036460041999817
2.792747974395752
-0.0010140108643099666
1.036460041999817
2.8760812282562256
-0.0010140108643099666
1.036460041999817
2.959414482116699
-0.0010140108643099666
1.036460041999817
3.042747974395752
-0.0010140108643099666
1.036460041999817
3.1260814666748047
-0.0010140108643099666
1.036460041999817
3.2094147205352783
-0.0010140108643099666
1.036460041999817
3.292747974395752
-0.0010140108643099666
1.036460041999817
3.3760814666748047
-0.0010140108643099666
1.036460041999817
3.4594147205352783
-0.001014017965644598
1.1316981315612793
1.8760813474655151
-0.001014017965644598
1.1316981315612793
1.9594146013259888
-0.001014017965644598
1.1316981315612793
2.042747974395752
-0.001014017965644598
1.1316981315612793
2.1260812282562256
-0.001014017965644598
1.1316981315612793
2.2094147205352783
-0.001014017965644598
1.1316981315612793
2.292747974395752
-0.001014017965644598
1.1316981315612793
2.3760812282562256
-0.001014017965644598
1.1316981315612793
2.459414482116699
-0.001014017965644598
1.1316981315612793
2.542747974395752
-0.001014017965644598
1.1316981315612793
2.6260812282562256
-0.001014017965644598
1.1316981315612793
2.709414482116699
-0.001014017965644598
1.1316981315612793
2.792747974395752
-0.001014017965644598
1.1316981315612793
2.8760812282562256
-0.001014017965644598
1.1316981315612793
2.959414482116699
-0.001014017965644598
1.1316981315612793
3.042747974395752
-0.001014017965644598
1.1316981315612793
3.1260814666748047
-0.001014017965644598
1.1316981315612793
3.2094147205352783
-0.001014017965644598
1.1316981315612793
3.292747974395752
-0.001014017965644598
1.1316981315612793
3.3760814666748047
-0.001014017965644598
1.1316981315612793
3.4594147205352783
-0.0010140251833945513
1.2269362211227417
1.8760813474655151
-0.0010140251833945513
1.2269362211227417
1.9594146013259888
-0.0010140251833945513
1.2269362211227417
2.042747974395752
-0.0010140251833945513
1.2269362211227417
2.1260812282562256
-0.0010140251833945513
1.2269362211227417
2.2094147205352783
-0.0010140251833945513
1.2269362211227417
2.292747974395752
-0.0010140251833945513
1.2269362211227417
2.3760812282562256
-0.0010140251833945513
1.2269362211227417
2.459414482116699
-0.0010140251833945513
1.2269362211227417
2.542747974395752
-0.0010140251833945513
1.2269362211227417
2.6260812282562256
-0.0010140251833945513
1.2269362211227417
2.709414482116699
-0.0010140251833945513
1.2269362211227417
2.792747974395752
-0.0010140251833945513
1.2269362211227417
2.8760812282562256
-0.0010140251833945513
1.2269362211227417
2.959414482116699
-0.0010140251833945513
1.2269362211227417
3.042747974395752
-0.0010140251833945513
1.2269362211227417
3.1260814666748047
-0.0010140251833945513
1.2269362211227417
3.2094147205352783
-0.0010140251833945513
1.2269362211227417
3.292747974395752
-0.0010140251833945513
1.2269362211227417
3.3760814666748047
-0.0010140251833945513
1.2269362211227417
3.4594147205352783
-0.0010140324011445045
1.322174310684204
1.8760813474655151
-0.0010140324011445045
1.322174310684204
1.9594146013259888
-0.0010140324011445045
1.322174310684204
2.042747974395752
-0.0010140324011445045
1.322174310684204
2.1260812282562256
-0.0010140324011445045
1.322174310684204
2.2094147205352783
-0.0010140324011445045
1.322174310684204
2.292747974395752
-0.0010140324011445045
1.322174310684204
2.3760812282562256
-0.0010140324011445045
1.322174310684204
2.459414482116699
-0.0010140324011445045
1.322174310684204
2.542747974395752
-0.0010140324011445045
1.322174310684204
2.6260812282562256
-0.0010140324011445045
1.322174310684204
2.709414482116699
-0.0010140324011445045
1.322174310684204
2.792747974395752
-0.0010140324011445045
1.322174310684204
2.8760812282562256
-0.0010140324011445045
1.322174310684204
2.959414482116699
-0.0010140324011445045
1.322174310684204
3.042747974395752
-0.0010140324011445045
1.322174310684204
3.1260814666748047
-0.0010140324011445045
1.322174310684204
3.2094147205352783
-0.0010140324011445045
1.322174310684204
3.292747974395752
-0.0010140324011445045
1.322174310684204
3.3760814666748047
-0.0010140324011445045
1.322174310684204
3.4594147205352783
-0.0010140396188944578
1.4174124002456665
1.8760813474655151
-0.0010140396188944578
1.4174124002456665
1.9594146013259888
-0.0010140396188944578
1.4174124002456665
2.042747974395752
-0.0010140396188944578
1.4174124002456665
2.1260812282562256
-0.0010140396188944578
1.4174124002456665
2.2094147205352783
-0.0010140396188944578
1.4174124002456665
2.292747974395752
-0.0010140396188944578
1.4174124002456665
2.3760812282562256
-0.0010140396188944578
1.4174124002456665
2.459414482116699
-0.0010140396188944578
1.4174124002456665
2.542747974395752
-0.0010140396188944578
1.4174124002456665
2.6260812282562256
-0.0010140396188944578
1.4174124002456665
2.709414482116699
-0.0010140396188944578
1.4174124002456665
2.792747974395752
-0.0010140396188944578
1.4174124002456665
2.8760812282562256
-0.0010140396188944578
1.4174124002456665
2.959414482116699
-0.0010140396188944578
1.4174124002456665
3.042747974395752
-0.0010140396188944578
1.4174124002456665
3.1260814666748047
-0.0010140396188944578
1.4174124002456665
3.2094147205352783
-0.0010140396188944578
1.4174124002456665
3.292747974395752
-0.0010140396188944578
1.4174124002456665
3.3760814666748047
-0.0010140396188944578
1.4174124002456665
3.4594147205352783
-0.0010140467202290893
1.512650489807129
1.8760813474655151
-0.0010140467202290893
1.512650489807129
1.9594146013259888
-0.0010140467202290893
1.512650489807129
2.042747974395752
-0.0010140467202290893
1.512650489807129
2.1260812282562256
-0.0010140467202290893
1.512650489807129
2.2094147205352783
-0.0010140467202290893
1.512650489807129
2.292747974395752
-0.0010140467202290893
1.512650489807129
2.3760812282562256
-0.0010140467202290893
1.512650489807129
2.459414482116699
-0.0010140467202290893
1.512650489807129
2.542747974395752
-0.0010140467202290893
1.512650489807129
2.6260812282562256
-0.0010140467202290893
1.512650489807129
2.709414482116699
-0.0010140467202290893
1.512650489807129
2.792747974395752
-0.0010140467202290893
1.512650489807129
2.8760812282562256
-0.0010140467202290893
1.512650489807129
2.959414482116699
-0.0010140467202290893
1.512650489807129
3.042747974395752
-0.0010140467202290893
1.512650489807129
3.1260814666748047
-0.0010140467202290893
1.512650489807129
3.2094147205352783
-0.0010140467202290893
1.512650489807129
3.292747974395752
-0.0010140467202290893
1.512650489807129
3.3760814666748047
-0.0010140467202290893
1.512650489807129
3.4594147205352783
-0.0010140539379790425
1.6078885793685913
1.8760813474655151
-0.0010140539379790425
1.6078885793685913
1.9594146013259888
-0.0010140539379790425
1.6078885793685913
2.042747974395752
-0.0010140539379790425
1.6078885793685913
2.1260812282562256
-0.0010140539379790425
1.6078885793685913
2.2094147205352783
-0.0010140539379790425
1.6078885793685913
2.292747974395752
-0.0010140539379790425
1.6078885793685913
2.3760812282562256
-0.0010140539379790425
1.6078885793685913
2.459414482116699
-0.0010140539379790425
1.6078885793685913
2.542747974395752
-0.0010140539379790425
1.6078885793685913
2.6260812282562256
-0.0010140539379790425
1.6078885793685913
2.709414482116699
-0.0010140539379790425
1.6078885793685913
2.792747974395752
-0.0010140539379790425
1.6078885793685913
2.8760812282562256
-0.0010140539379790425
1.6078885793685913
2.959414482116699
-0.0010140539379790425
1.6078885793685913
3.042747974395752
-0.0010140539379790425
1.6078885793685913
3.1260814666748047
-0.0010140539379790425
1.6078885793685913
3.2094147205352783
-0.0010140539379790425
1.6078885793685913
3.292747974395752
-0.0010140539379790425
1.6078885793685913
3.3760814666748047
-0.0010140539379790425
1.6078885793685913
3.4594147205352783
-0.0010140611557289958
1.7031266689300537
1.8760813474655151
-0.0010140611557289958
1.7031266689300537
1.9594146013259888
-0.0010140611557289958
1.7031266689300537
2.042747974395752
-0.0010140611557289958
1.7031266689300537
2.1260812282562256
-0.0010140611557289958
1.7031266689300537
2.2094147205352783
-0.0010140611557289958
1.7031266689300537
2.292747974395752
-0.0010140611557289958
1.7031266689300537
2.3760812282562256
-0.0010140611557289958
1.7031266689300537
2.459414482116699
-0.0010140611557289958
1.7031266689300537
2.542747974395752
-0.0010140611557289958
1.7031266689300537
2.6260812282562256
-0.0010140611557289958
1.7031266689300537
2.709414482116699
-0.0010140611557289958
1.7031266689300537
2.792747974395752
-0.0010140611557289958
1.7031266689300537
2.8760812282562256
-0.0010140611557289958
1.7031266689300537
2.959414482116699
-0.0010140611557289958
1.7031266689300537
3.042747974395752
-0.0010140611557289958
1.7031266689300537
3.1260814666748047
-0.0010140611557289958
1.7031266689300537
3.2094147205352783
-0.0010140611557289958
1.7031266689300537
3.292747974395752
-0.0010140611557289958
1.7031266689300537
3.3760814666748047
-0.0010140611557289958
1.7031266689300537
3.4594147205352783
-0.001014068373478949
1.7983647584915161
1.8760813474655151
-0.001014068373478949
1.7983647584915161
1.9594146013259888
-0.001014068373478949
1.7983647584915161
2.042747974395752
-0.001014068373478949
1.7983647584915161
2.1260812282562256
-0.001014068373478949
1.7983647584915161
2.2094147205352783
-0.001014068373478949
1.7983647584915161
2.292747974395752
-0.001014068373478949
1.7983647584915161
2.3760812282562256
-0.001014068373478949
1.7983647584915161
2.459414482116699
-0.001014068373478949
1.7983647584915161
2.542747974395752
-0.001014068373478949
1.7983647584915161
2.6260812282562256
-0.001014068373478949
1.7983647584915161
2.709414482116699
-0.001014068373478949
1.7983647584915161
2.792747974395752
-0.001014068373478949
1.7983647584915161
2.8760812282562256
-0.001014068373478949
1.7983647584915161
2.959414482116699
-0.001014068373478949
1.7983647584915161
3.042747974395752
-0.001014068373478949
1.7983647584915161
3.1260814666748047
-0.001014068373478949
1.7983647584915161
3.2094147205352783
-0.001014068373478949
1.7983647584915161
3.292747974395752
-0.001014068373478949
1.7983647584915161
3.3760814666748047
-0.001014068373478949
1.7983647584915161
3.4594147205352783
separate
45
46
945
105
126
545
165
4
66
185
145
165
205
144
185
225
143
205
245
142
225
265
141
245
285
140
265
305
139
285
325
138
305
345
137
325
365
136
345
385
135
365
405
134
385
425
133
405
445
132
425
465
131
445
485
130
465
505
129
485
525
128
505
545
127
525
6
85
1
146
84
85
147
83
84
148
82
83
149
81
82
150
80
81
151
79
80
152
78
79
153
77
78
154
76
77
155
75
76
156
74
75
157
73
74
158
72
73
159
71
72
160
70
71
161
69
70
162
68
69
163
67
68
164
66
67
7
146
6
166
147
146
167
148
147
168
149
148
169
150
149
170
151
150
171
152
151
172
153
152
173
154
153
174
155
154
175
156
155
176
157
156
177
158
157
178
159
158
179
160
159
180
161
160
181
162
161
182
163
162
183
164
163
184
165
164
8
166
7
186
167
166
187
168
167
188
169
168
189
170
169
190
171
170
191
172
171
192
173
172
193
174
173
194
175
174
195
176
175
196
177
176
197
178
177
198
179
178
199
180
179
200
181
180
201
182
181
202
183
182
203
184
183
204
185
184
9
186
8
206
187
186
207
188
187
208
189
188
209
190
189
210
191
190
211
192
191
212
193
192
213
194
193
214
195
194
215
196
195
216
197
196
217
198
197
218
199
198
219
200
199
220
201
200
221
202
201
222
203
202
223
204
203
224
205
204
10
206
9
226
207
206
227
208
207
228
209
208
229
210
209
230
211
210
231
212
211
232
213
212
233
214
213
234
215
214
235
216
215
236
217
216
237
218
217
238
219
218
239
220
219
240
221
220
241
222
221
242
223
222
243
224
223
244
225
224
11
226
10
246
227
226
247
228
227
248
229
228
249
230
229
250
231
230
251
232
231
252
233
232
253
234
233
254
235
234
255
236
235
256
237
236
257
238
237
258
239
238
259
240
239
260
241
240
261
242
241
262
243
242
263
244
243
264
245
244
12
246
11
266
247
246
267
248
247
268
249
248
269
250
249
270
251
250
271
252
251
272
253
252
273
254
253
274
255
254
275
256
255
276
257
256
277
258
257
278
259
258
279
260
259
280
261
260
281
262
261
282
263
262
283
264
263
284
265
264
13
266
12
286
267
266
287
268
267
288
269
268
289
270
269
290
271
270
291
272
271
292
273
272
293
274
273
294
275
274
295
276
275
296
277
276
297
278
277
298
279
278
299
280
279
300
281
280
301
282
281
302
283
282
303
284
283
304
285
284
14
286
13
306
287
286
307
288
287
308
289
288
309
290
289
310
291
290
311
292
291
312
293
292
313
294
293
314
295
294
315
296
295
316
297
296
317
298
297
318
299
298
319
300
299
320
301
300
321
302
301
322
303
302
323
304
303
324
305
304
15
306
14
326
307
306
327
308
307
328
309
308
329
310
309
330
311
310
331
312
311
332
313
312
333
314
313
334
315
314
335
316
315
336
317
316
337
318
317
338
319
318
339
320
319
340
321
320
341
322
321
342
323
322
343
324
323
344
325
324
16
326
15
346
327
326
347
328
327
348
329
328
349
330
329
350
331
330
351
332
331
352
333
332
353
334
333
354
335
334
355
336
335
356
337
336
357
338
337
358
339
338
359
340
339
360
341
340
361
342
341
362
343
342
363
344
343
364
345
344
17
346
16
366
347
346
367
348
347
368
349
348
369
350
349
370
351
350
371
352
351
372
353
352
373
354
353
374
355
354
375
356
355
376
357
356
377
358
357
378
359
358
379
360
359
380
361
360
381
362
361
382
363
362
383
364
363
384
365
364
18
366
17
386
367
366
387
368
367
388
369
368
389
370
369
390
371
370
391
372
371
392
373
372
393
374
373
394
375
374
395
376
375
396
377
376
397
378
377
398
379
378
399
380
379
400
381
380
401
382
381
402
383
382
403
384
383
404
385
384
19
386
18
406
387
386
407
388
387
408
389
388
409
390
389
410
391
390
411
392
391
412
393
392
413
394
393
414
395
394
415
396
395
416
397
396
417
398
397
418
399
398
419
400
399
420
401
400
421
402
401
422
403
402
423
404
403
424
405
404
20
406
19
426
407
406
427
408
407
428
409
408
429
410
409
430
411
410
431
412
411
432
413
412
433
414
413
434
415
414
435
416
415
436
417
416
437
418
417
438
419
418
439
420
419
440
421
420
441
422
421
442
423
422
443
424
423
444
425
424
21
426
20
446
427
426
447
428
427
448
429
428
449
430
429
450
431
430
451
432
431
452
433
432
453
434
433
454
435
434
455
436
435
456
437
436
457
438
437
458
439
438
459
440
439
460
441
440
461
442
441
462
443
442
463
444
443
464
445
444
22
446
21
466
447
446
467
448
447
468
449
448
469
450
449
470
451
450
471
452
451
472
453
452
473
454
453
474
455
454
475
456
455
476
457
456
477
458
457
478
459
458
479
460
459
480
461
460
481
462
461
482
463
462
483
464
463
484
465
464
23
466
22
486
467
466
487
468
467
488
469
468
489
470
469
490
471
470
491
472
471
492
473
472
493
474
473
494
475
474
495
476
475
496
477
476
497
478
477
498
479
478
499
480
479
500
481
480
501
482
481
502
483
482
503
484
483
504
485
484
24
486
23
506
487
486
507
488
487
508
489
488
509
490
489
510
491
490
511
492
491
512
493
492
513
494
493
514
495
494
515
496
495
516
497
496
517
498
497
518
499
498
519
500
499
520
501
500
521
502
501
522
503
502
523
504
503
524
505
504
25
506
24
526
507
506
527
508
507
528
509
508
529
510
509
530
511
510
531
512
511
532
513
512
533
514
513
534
515
514
535
516
515
536
517
516
537
518
517
538
519
518
539
520
519
540
521
520
541
522
521
542
523
522
543
524
523
544
525
524
0
526
25
86
527
526
87
528
527
88
529
528
89
530
529
90
531
530
91
532
531
92
533
532
93
534
533
94
535
534
95
536
535
96
537
536
97
538
537
98
539
538
99
540
539
100
541
540
101
542
541
102
543
542
103
544
543
104
545
544
565
3
106
585
65
565
605
64
585
625
63
605
645
62
625
665
61
645
685
60
665
705
59
685
725
58
705
745
57
725
765
56
745
785
55
765
805
54
785
825
53
805
845
52
825
865
51
845
885
50
865
905
49
885
925
48
905
945
47
925
145
125
4
546
124
125
547
123
124
548
122
123
549
121
122
550
120
121
551
119
120
552
118
119
553
117
118
554
116
117
555
115
116
556
114
115
557
113
114
558
112
113
559
111
112
560
110
111
561
109
110
562
108
109
563
107
108
564
106
107
144
546
145
566
547
546
567
548
547
568
549
548
569
550
549
570
551
550
571
552
551
572
553
552
573
554
553
574
555
554
575
556
555
576
557
556
577
558
557
578
559
558
579
560
559
580
561
560
581
562
561
582
563
562
583
564
563
584
565
564
143
566
144
586
567
566
587
568
567
588
569
568
589
570
569
590
571
570
591
572
571
592
573
572
593
574
573
594
575
574
595
576
575
596
577
576
597
578
577
598
579
578
599
580
579
600
581
580
601
582
581
602
583
582
603
584
583
604
585
584
142
586
143
606
587
586
607
588
587
608
589
588
609
590
589
610
591
590
611
592
591
612
593
592
613
594
593
614
595
594
615
596
595
616
597
596
617
598
597
618
599
598
619
600
599
620
601
600
621
602
601
622
603
602
623
604
603
624
605
604
141
606
142
626
607
606
627
608
607
628
609
608
629
610
609
630
611
610
631
612
611
632
613
612
633
614
613
634
615
614
635
616
615
636
617
616
637
618
617
638
619
618
639
620
619
640
621
620
641
622
621
642
623
622
643
624
623
644
625
624
140
626
141
646
627
626
647
628
627
648
629
628
649
630
629
650
631
630
651
632
631
652
633
632
653
634
633
654
635
634
655
636
635
656
637
636
657
638
637
658
639
638
659
640
639
660
641
640
661
642
641
662
643
642
663
644
643
664
645
644
139
646
140
666
647
646
667
648
647
668
649
648
669
650
649
670
651
650
671
652
651
672
653
652
673
654
653
674
655
654
675
656
655
676
657
656
677
658
657
678
659
658
679
660
659
680
661
660
681
662
661
682
663
662
683
664
663
684
665
664
138
666
139
686
667
666
687
668
667
688
669
668
689
670
669
690
671
670
691
672
671
692
673
672
693
674
673
694
675
674
695
676
675
696
677
676
697
678
677
698
679
678
699
680
679
700
681
680
701
682
681
702
683
682
703
684
683
704
685
684
137
686
138
706
687
686
707
688
687
708
689
688
709
690
689
710
691
690
711
692
691
712
693
692
713
694
693
714
695
694
715
696
695
716
697
696
717
698
697
718
699
698
719
700
699
720
701
700
721
702
701
722
703
702
723
704
703
724
705
704
136
706
137
726
707
706
727
708
707
728
709
708
729
710
709
730
711
710
731
712
711
732
713
712
733
714
713
734
715
714
735
716
715
736
717
716
737
718
717
738
719
718
739
720
719
740
721
720
741
722
721
742
723
722
743
724
723
744
725
724
135
726
136
746
727
726
747
728
727
748
729
728
749
730
729
750
731
730
751
732
731
752
733
732
753
734
733
754
735
734
755
736
735
756
737
736
757
738
737
758
739
738
759
740
739
760
741
740
761
742
741
762
743
742
763
744
743
764
745
744
134
746
135
766
747
746
767
748
747
768
749
748
769
750
749
770
751
750
771
752
751
772
753
752
773
754
753
774
755
754
775
756
755
776
757
756
777
758
757
778
759
758
779
760
759
780
761
760
781
762
761
782
763
762
783
764
763
784
765
764
133
766
134
786
767
766
787
768
767
788
769
768
789
770
769
790
771
770
791
772
771
792
773
772
793
774
773
794
775
774
795
776
775
796
777
776
797
778
777
798
779
778
799
780
779
800
781
780
801
782
781
802
783
782
803
784
783
804
785
784
132
786
133
806
787
786
807
788
787
808
789
788
809
790
789
810
791
790
811
792
791
812
793
792
813
794
793
814
795
794
815
796
795
816
797
796
817
798
797
818
799
798
819
800
799
820
801
800
821
802
801
822
803
802
823
804
803
824
805
804
131
806
132
826
807
806
827
808
807
828
809
808
829
810
809
830
811
810
831
812
811
832
813
812
833
814
813
834
815
814
835
816
815
836
817
816
837
818
817
838
819
818
839
820
819
840
821
820
841
822
821
842
823
822
843
824
823
844
825
824
130
826
131
846
827
826
847
828
827
848
829
828
849
830
829
850
831
830
851
832
831
852
833
832
853
834
833
854
835
834
855
836
835
856
837
836
857
838
837
858
839
838
859
840
839
860
841
840
861
842
841
862
843
842
863
844
843
864
845
844
129
846
130
866
847
846
867
848
847
868
849
848
869
850
849
870
851
850
871
852
851
872
853
852
873
854
853
874
855
854
875
856
855
876
857
856
877
858
857
878
859
858
879
860
859
880
861
860
881
862
861
882
863
862
883
864
863
884
865
864
128
866
129
886
867
866
887
868
867
888
869
868
889
870
869
890
871
870
891
872
871
892
873
872
893
874
873
894
875
874
895
876
875
896
877
876
897
878
877
898
879
878
899
880
879
900
881
880
901
882
881
902
883
882
903
884
883
904
885
884
127
886
128
906
887
886
907
888
887
908
889
888
909
890
889
910
891
890
911
892
891
912
893
892
913
894
893
914
895
894
915
896
895
916
897
896
917
898
897
918
899
898
919
900
899
920
901
900
921
902
901
922
903
902
923
904
903
924
905
904
126
906
127
926
907
906
927
908
907
928
909
908
929
910
909
930
911
910
931
912
911
932
913
912
933
914
913
934
915
914
935
916
915
936
917
916
937
918
917
938
919
918
939
920
919
940
921
920
941
922
921
942
923
922
943
924
923
944
925
924
5
926
126
26
927
926
27
928
927
28
929
928
29
930
929
30
931
930
31
932
931
32
933
932
33
934
933
34
935
934
35
936
935
36
937
936
37
938
937
38
939
938
39
940
939
40
941
940
41
942
941
42
943
942
43
944
943
44
945
944
45
2
46
105
5
126
165
145
4
185
144
145
205
143
144
225
142
143
245
141
142
265
140
141
285
139
140
305
138
139
325
137
138
345
136
137
365
135
136
385
134
135
405
133
134
425
132
133
445
131
132
465
130
131
485
129
130
505
128
129
525
127
128
545
126
127
6
146
85
146
147
84
147
148
83
148
149
82
149
150
81
150
151
80
151
152
79
152
153
78
153
154
77
154
155
76
155
156
75
156
157
74
157
158
73
158
159
72
159
160
71
160
161
70
161
162
69
162
163
68
163
164
67
164
165
66
7
166
146
166
167
147
167
168
148
168
169
149
169
170
150
170
171
151
171
172
152
172
173
153
173
174
154
174
175
155
175
176
156
176
177
157
177
178
158
178
179
159
179
180
160
180
181
161
181
182
162
182
183
163
183
184
164
184
185
165
8
186
166
186
187
167
187
188
168
188
189
169
189
190
170
190
191
171
191
192
172
192
193
173
193
194
174
194
195
175
195
196
176
196
197
177
197
198
178
198
199
179
199
200
180
200
201
181
201
202
182
202
203
183
203
204
184
204
205
185
9
206
186
206
207
187
207
208
188
208
209
189
209
210
190
210
211
191
211
212
192
212
213
193
213
214
194
214
215
195
215
216
196
216
217
197
217
218
198
218
219
199
219
220
200
220
221
201
221
222
202
222
223
203
223
224
204
224
225
205
10
226
206
226
227
207
227
228
208
228
229
209
229
230
210
230
231
211
231
232
212
232
233
213
233
234
214
234
235
215
235
236
216
236
237
217
237
238
218
238
239
219
239
240
220
240
241
221
241
242
222
242
243
223
243
244
224
244
245
225
11
246
226
246
247
227
247
248
228
248
249
229
249
250
230
250
251
231
251
252
232
252
253
233
253
254
234
254
255
235
255
256
236
256
257
237
257
258
238
258
259
239
259
260
240
260
261
241
261
262
242
262
263
243
263
264
244
264
265
245
12
266
246
266
267
247
267
268
248
268
269
249
269
270
250
270
271
251
271
272
252
272
273
253
273
274
254
274
275
255
275
276
256
276
277
257
277
278
258
278
279
259
279
280
260
280
281
261
281
282
262
282
283
263
283
284
264
284
285
265
13
286
266
286
287
267
287
288
268
288
289
269
289
290
270
290
291
271
291
292
272
292
293
273
293
294
274
294
295
275
295
296
276
296
297
277
297
298
278
298
299
279
299
300
280
300
301
281
301
302
282
302
303
283
303
304
284
304
305
285
14
306
286
306
307
287
307
308
288
308
309
289
309
310
290
310
311
291
311
312
292
312
313
293
313
314
294
314
315
295
315
316
296
316
317
297
317
318
298
318
319
299
319
320
300
320
321
301
321
322
302
322
323
303
323
324
304
324
325
305
15
326
306
326
327
307
327
328
308
328
329
309
329
330
310
330
331
311
331
332
312
332
333
313
333
334
314
334
335
315
335
336
316
336
337
317
337
338
318
338
339
319
339
340
320
340
341
321
341
342
322
342
343
323
343
344
324
344
345
325
16
346
326
346
347
327
347
348
328
348
349
329
349
350
330
350
351
331
351
352
332
352
353
333
353
354
334
354
355
335
355
356
336
356
357
337
357
358
338
358
359
339
359
360
340
360
361
341
361
362
342
362
363
343
363
364
344
364
365
345
17
366
346
366
367
347
367
368
348
368
369
349
369
370
350
370
371
351
371
372
352
372
373
353
373
374
354
374
375
355
375
376
356
376
377
357
377
378
358
378
379
359
379
380
360
380
381
361
381
382
362
382
383
363
383
384
364
384
385
365
18
386
366
386
387
367
387
388
368
388
389
369
389
390
370
390
391
371
391
392
372
392
393
373
393
394
374
394
395
375
395
396
376
396
397
377
397
398
378
398
399
379
399
400
380
400
401
381
401
402
382
402
403
383
403
404
384
404
405
385
19
406
386
406
407
387
407
408
388
408
409
389
409
410
390
410
411
391
411
412
392
412
413
393
413
414
394
414
415
395
415
416
396
416
417
397
417
418
398
418
419
399
419
420
400
420
421
401
421
422
402
422
423
403
423
424
404
424
425
405
20
426
406
426
427
407
427
428
408
428
429
409
429
430
410
430
431
411
431
432
412
432
433
413
433
434
414
434
435
415
435
436
416
436
437
417
437
438
418
438
439
419
439
440
420
440
441
421
441
442
422
442
443
423
443
444
424
444
445
425
21
446
426
446
447
427
447
448
428
448
449
429
449
450
430
450
451
431
451
452
432
452
453
433
453
454
434
454
455
435
455
456
436
456
457
437
457
458
438
458
459
439
459
460
440
460
461
441
461
462
442
462
463
443
463
464
444
464
465
445
22
466
446
466
467
447
467
468
448
468
469
449
469
470
450
470
471
451
471
472
452
472
473
453
473
474
454
474
475
455
475
476
456
476
477
457
477
478
458
478
479
459
479
480
460
480
481
461
481
482
462
482
483
463
483
484
464
484
485
465
23
486
466
486
487
467
487
488
468
488
489
469
489
490
470
490
491
471
491
492
472
492
493
473
493
494
474
494
495
475
495
496
476
496
497
477
497
498
478
498
499
479
499
500
480
500
501
481
501
502
482
502
503
483
503
504
484
504
505
485
24
506
486
506
507
487
507
508
488
508
509
489
509
510
490
510
511
491
511
512
492
512
513
493
513
514
494
514
515
495
515
516
496
516
517
497
517
518
498
518
519
499
519
520
500
520
521
501
521
522
502
522
523
503
523
524
504
524
525
505
25
526
506
526
527
507
527
528
508
528
529
509
529
530
510
530
531
511
531
532
512
532
533
513
533
534
514
534
535
515
535
536
516
536
537
517
537
538
518
538
539
519
539
540
520
540
541
521
541
542
522
542
543
523
543
544
524
544
545
525
0
86
526
86
87
527
87
88
528
88
89
529
89
90
530
90
91
531
91
92
532
92
93
533
93
94
534
94
95
535
95
96
536
96
97
537
97
98
538
98
99
539
99
100
540
100
101
541
101
102
542
102
103
543
103
104
544
104
105
545
565
65
3
585
64
65
605
63
64
625
62
63
645
61
62
665
60
61
685
59
60
705
58
59
725
57
58
745
56
57
765
55
56
785
54
55
805
53
54
825
52
53
845
51
52
865
50
51
885
49
50
905
48
49
925
47
48
945
46
47
145
546
125
546
547
124
547
548
123
548
549
122
549
550
121
550
551
120
551
552
119
552
553
118
553
554
117
554
555
116
555
556
115
556
557
114
557
558
113
558
559
112
559
560
111
560
561
110
561
562
109
562
563
108
563
564
107
564
565
106
144
566
546
566
567
547
567
568
548
568
569
549
569
570
550
570
571
551
571
572
552
572
573
553
573
574
554
574
575
555
575
576
556
576
577
557
577
578
558
578
579
559
579
580
560
580
581
561
581
582
562
582
583
563
583
584
564
584
585
565
143
586
566
586
587
567
587
588
568
588
589
569
589
590
570
590
591
571
591
592
572
592
593
573
593
594
574
594
595
575
595
596
576
596
597
577
597
598
578
598
599
579
599
600
580
600
601
581
601
602
582
602
603
583
603
604
584
604
605
585
142
606
586
606
607
587
607
608
588
608
609
589
609
610
590
610
611
591
611
612
592
612
613
593
613
614
594
614
615
595
615
616
596
616
617
597
617
618
598
618
619
599
619
620
600
620
621
601
621
622
602
622
623
603
623
624
604
624
625
605
141
626
606
626
627
607
627
628
608
628
629
609
629
630
610
630
631
611
631
632
612
632
633
613
633
634
614
634
635
615
635
636
616
636
637
617
637
638
618
638
639
619
639
640
620
640
641
621
641
642
622
642
643
623
643
644
624
644
645
625
140
646
626
646
647
627
647
648
628
648
649
629
649
650
630
650
651
631
651
652
632
652
653
633
653
654
634
654
655
635
655
656
636
656
657
637
657
658
638
658
659
639
659
660
640
660
661
641
661
662
642
662
663
643
663
664
644
664
665
645
139
666
646
666
667
647
667
668
648
668
669
649
669
670
650
670
671
651
671
672
652
672
673
653
673
674
654
674
675
655
675
676
656
676
677
657
677
678
658
678
679
659
679
680
660
680
681
661
681
682
662
682
683
663
683
684
664
684
685
665
138
686
666
686
687
667
687
688
668
688
689
669
689
690
670
690
691
671
691
692
672
692
693
673
693
694
674
694
695
675
695
696
676
696
697
677
697
698
678
698
699
679
699
700
680
700
701
681
701
702
682
702
703
683
703
704
684
704
705
685
137
706
686
706
707
687
707
708
688
708
709
689
709
710
690
710
711
691
711
712
692
712
713
693
713
714
694
714
715
695
715
716
696
716
717
697
717
718
698
718
719
699
719
720
700
720
721
701
721
722
702
722
723
703
723
724
704
724
725
705
136
726
706
726
727
707
727
728
708
728
729
709
729
730
710
730
731
711
731
732
712
732
733
713
733
734
714
734
735
715
735
736
716
736
737
717
737
738
718
738
739
719
739
740
720
740
741
721
741
742
722
742
743
723
743
744
724
744
745
725
135
746
726
746
747
727
747
748
728
748
749
729
749
750
730
750
751
731
751
752
732
752
753
733
753
754
734
754
755
735
755
756
736
756
757
737
757
758
738
758
759
739
759
760
740
760
761
741
761
762
742
762
763
743
763
764
744
764
765
745
134
766
746
766
767
747
767
768
748
768
769
749
769
770
750
770
771
751
771
772
752
772
773
753
773
774
754
774
775
755
775
776
756
776
777
757
777
778
758
778
779
759
779
780
760
780
781
761
781
782
762
782
783
763
783
784
764
784
785
765
133
786
766
786
787
767
787
788
768
788
789
769
789
790
770
790
791
771
791
792
772
792
793
773
793
794
774
794
795
775
795
796
776
796
797
777
797
798
778
798
799
779
799
800
780
800
801
781
801
802
782
802
803
783
803
804
784
804
805
785
132
806
786
806
807
787
807
808
788
808
809
789
809
810
790
810
811
791
811
812
792
812
813
793
813
814
794
814
815
795
815
816
796
816
817
797
817
818
798
818
819
799
819
820
800
820
821
801
821
822
802
822
823
803
823
824
804
824
825
805
131
826
806
826
827
807
827
828
808
828
829
809
829
830
810
830
831
811
831
832
812
832
833
813
833
834
814
834
835
815
835
836
816
836
837
817
837
838
818
838
839
819
839
840
820
840
841
821
841
842
822
842
843
823
843
844
824
844
845
825
130
846
826
846
847
827
847
848
828
848
849
829
849
850
830
850
851
831
851
852
832
852
853
833
853
854
834
854
855
835
855
856
836
856
857
837
857
858
838
858
859
839
859
860
840
860
861
841
861
862
842
862
863
843
863
864
844
864
865
845
129
866
846
866
867
847
867
868
848
868
869
849
869
870
850
870
871
851
871
872
852
872
873
853
873
874
854
874
875
855
875
876
856
876
877
857
877
878
858
878
879
859
879
880
860
880
881
861
881
882
862
882
883
863
883
884
864
884
885
865
128
886
866
886
887
867
887
888
868
888
889
869
889
890
870
890
891
871
891
892
872
892
893
873
893
894
874
894
895
875
895
896
876
896
897
877
897
898
878
898
899
879
899
900
880
900
901
881
901
902
882
902
903
883
903
904
884
904
905
885
127
906
886
906
907
887
907
908
888
908
909
889
909
910
890
910
911
891
911
912
892
912
913
893
913
914
894
914
915
895
915
916
896
916
917
897
917
918
898
918
919
899
919
920
900
920
921
901
921
922
902
922
923
903
923
924
904
924
925
905
126
926
906
926
927
907
927
928
908
928
929
909
929
930
910
930
931
911
931
932
912
932
933
913
933
934
914
934
935
915
935
936
916
936
937
917
937
938
918
938
939
919
939
940
920
940
941
921
941
942
922
942
943
923
943
944
924
944
945
925
5
26
926
26
27
927
27
28
928
28
29
929
29
30
930
30
31
931
31
32
932
32
33
933
33
34
934
34
35
935
35
36
936
36
37
937
37
38
938
38
39
939
39
40
940
40
41
941
41
42
942
42
43
943
43
44
944
44
45
945
